201,1,EnemyS_B,-2,5,,0,-1,0,3,str,0,0,0,0,99,str,EBS_A,str,4,1,0.75,3,1
201,0.3,EnemyS_B,-2,5,,0,-1,0,3,str,0,0,0,0,99,str,EBS_A,str,4,1,0.75,3,1.3
201,0.3,EnemyS_B,-2,5,silver,0,-1,0,3,str,0,0,0,0,99,str,EBS_A,str,4,1,0.75,3,1.6
201,0.6,EnemyS_B,-1,5,,0,-1,0,3,str,0,0,0,0,99,str,EBS_A,str,4,1,0.75,3,2.2
201,0.3,EnemyS_B,-1,5,,0,-1,0,3,str,0,0,0,0,99,str,EBS_A,str,4,1,0.75,3,2.5
201,0.3,EnemyS_B,-1,5,silver,0,-1,0,3,str,0,0,0,0,99,str,EBS_A,str,4,1,0.75,3,2.8
201,0.6,EnemyS_B,0,5,,0,-1,0,3,str,0,0,0,0,99,str,EBS_A,str,4,1,0.75,3,3.4
201,0.3,EnemyS_B,0,5,,0,-1,0,3,str,0,0,0,0,99,str,EBS_A,str,4,1,0.75,3,3.7
201,0.3,EnemyS_B,0,5,silver,0,-1,0,3,str,0,0,0,0,99,str,EBS_A,str,4,1,0.75,3,4
201,0.6,EnemyS_B,1,5,,0,-1,0,3,str,0,0,0,0,99,str,EBS_A,str,4,1,0.75,3,4.6
201,0.3,EnemyS_B,1,5,,0,-1,0,3,str,0,0,0,0,99,str,EBS_A,str,4,1,0.75,3,4.9
201,0.3,EnemyS_B,1,5,silver,0,-1,0,3,str,0,0,0,0,99,str,EBS_A,str,4,1,0.75,3,5.2
201,0.6,EnemyS_B,2,5,,0,-1,0,3,str,0,0,0,0,99,str,EBS_A,str,4,1,0.75,3,5.8
201,0.3,EnemyS_B,2,5,,0,-1,0,3,str,0,0,0,0,99,str,EBS_A,str,4,1,0.75,3,6.1
201,0.3,EnemyS_B,2,5,silver,0,-1,0,3,str,0,0,0,0,99,str,EBS_A,str,4,1,0.75,3,6.4
202,1,EnemyS_C,-3,1,,0,1,0,2,slow,-1,2,-1,1,3,str,EBS_A,str,4,1,1.25,5,7.4
202,0,EnemyS_C,3,1,,0,1,0,2,slow,1,2,1,1,3,str,EBS_A,str,4,1,1.25,5,7.4
202,0.3,EnemyS_C,-3,0.5,silver,0,1,0,2,slow,-1,1.5,-1,1,3,str,EBS_A,str,4,1,1.25,5,7.7
202,0,EnemyS_C,3,0.5,silver,0,1,0,2,slow,1,1.5,1,1,3,str,EBS_A,str,4,1,1.25,5,7.7
202,0.3,EnemyS_C,-3,0,,0,1,0,2,slow,-1,1,-1,1,3,str,EBS_A,str,4,1,1.25,5,8
202,0,EnemyS_C,3,0,,0,1,0,2,slow,1,1,1,1,3,str,EBS_A,str,4,1,1.25,5,8
202,0.3,EnemyS_C,-3,-0.5,silver,0,1,0,2,slow,-1,0.5,-1,1,3,str,EBS_A,str,4,1,1.25,5,8.3
202,0,EnemyS_C,3,-0.5,silver,0,1,0,2,slow,1,0.5,1,1,3,str,EBS_A,str,4,1,1.25,5,8.3
202,0.6,EnemyS_C,-3,2,,0,1,0,2,slow,-2,3,-1,1,3,str,EBS_A,str,4,1,1.25,5,8.9
202,0,EnemyS_C,3,2,,0,1,0,2,slow,2,3,1,1,3,str,EBS_A,str,4,1,1.25,5,8.9
202,0.3,EnemyS_C,-3,1.5,silver,0,1,0,2,slow,-2,2.5,-1,1,3,str,EBS_A,str,4,1,1.25,5,9.2
202,0,EnemyS_C,3,1.5,silver,0,1,0,2,slow,2,2.5,1,1,3,str,EBS_A,str,4,1,1.25,5,9.2
202,0.3,EnemyS_C,-3,1,,0,1,0,2,slow,-2,2,-1,1,3,str,EBS_A,str,4,1,1.25,5,9.5
202,0,EnemyS_C,3,1,,0,1,0,2,slow,2,2,1,1,3,str,EBS_A,str,4,1,1.25,5,9.5
202,0.3,EnemyS_C,-3,0.5,silver,0,1,0,2,slow,-2,1.5,-1,1,3,str,EBS_A,str,4,1,1.25,5,9.8
202,0,EnemyS_C,3,0.5,silver,0,1,0,2,slow,2,1.5,1,1,3,str,EBS_A,str,4,1,1.25,5,9.8
203,2,EnemyM_C,-3,1,gold,0,0,0,2,slow,-1,0,0,-1,8,acc,EBM_A,str,4,3,1.25,2.5,11.8
203,0,EnemyM_C,3,1,gold,0,0,0,2,slow,1,0,0,-1,8,acc,EBM_A,str,4,3,1.25,2.5,11.8
203,3,EnemyM_C,0,5,gold,0,0,0,2,slow,0,2,0,-1,8,acc,EBM_A,way,4,3,1.25,2.5,14.8
204,3.5,EnemyS_D,-0.6,5,pow,0,-0.5,0,2,slow,-0.6,3,-2,1,4,srt,EBS_A,str,4,1,1.5,5,18.3
204,0,EnemyS_D,0.6,5,gold,0,-0.5,0,2,slow,0.6,3,2,1,4,srt,EBS_A,str,4,1,1.5,5,18.3
204,0.3,EnemyS_D,-1.2,5,,0,-0.5,0,2,slow,-1.2,2.6,-2,1,4,srt,EBS_A,str,4,1,1.5,5,18.6
204,0,EnemyS_D,1.2,5,,0,-0.5,0,2,slow,1.2,2.6,2,1,4,srt,EBS_A,str,4,1,1.5,5,18.6
204,0.3,EnemyS_D,-1.8,5,silver,0,-0.5,0,2,slow,-1.8,2.4,-2,1,4,srt,EBS_A,str,4,1,1.5,5,18.9
204,0,EnemyS_D,1.8,5,silver,0,-0.5,0,2,slow,1.8,2.4,2,1,4,srt,EBS_A,str,4,1,1.5,5,18.9
211,3,EnemyS_B,-2,5,,0,1,180,4,acc,0,0,0,0,99,str,EBS_A,str,4,1,0.5,5,21.9
211,0.15,EnemyS_B,-2,5,silver,0,1,180,4,acc,0,0,0,0,99,str,EBS_A,str,4,1,0.5,5,22.05
211,0.15,EnemyS_B,-2,5,,0,1,180,4,acc,0,0,0,0,99,str,EBS_A,str,4,1,0.5,5,22.2
211,0.15,EnemyS_B,-2,5,silver,0,1,180,4,acc,0,0,0,0,99,str,EBS_A,str,4,1,0.5,5,22.35
211,0.15,EnemyS_B,-2,5,,0,1,180,4,acc,0,0,0,0,99,str,EBS_A,str,4,1,0.5,5,22.5
211,0.15,EnemyS_B,-2,5,silver,0,1,180,4,acc,0,0,0,0,99,str,EBS_A,str,4,1,0.5,5,22.65
211,0.5,EnemyS_B,1,5,,0,1,180,4,acc,0,0,0,0,99,str,EBS_A,str,4,1,0.5,5,23.15
211,0.15,EnemyS_B,1,5,silver,0,1,180,4,acc,0,0,0,0,99,str,EBS_A,str,4,1,0.5,5,23.3
211,0.15,EnemyS_B,1,5,,0,1,180,4,acc,0,0,0,0,99,str,EBS_A,str,4,1,0.5,5,23.45
211,0.15,EnemyS_B,1,5,silver,0,1,180,4,acc,0,0,0,0,99,str,EBS_A,str,4,1,0.5,5,23.6
211,0.15,EnemyS_B,1,5,,0,1,180,4,acc,0,0,0,0,99,str,EBS_A,str,4,1,0.5,5,23.75
211,0.15,EnemyS_B,1,5,silver,0,1,180,4,acc,0,0,0,0,99,str,EBS_A,str,4,1,0.5,5,23.9
211,0.5,EnemyS_B,-1,5,,0,1,180,4,acc,0,0,0,0,99,str,EBS_A,str,4,1,0.5,5,24.4
211,0.15,EnemyS_B,-1,5,silver,0,1,180,4,acc,0,0,0,0,99,str,EBS_A,str,4,1,0.5,5,24.55
211,0.15,EnemyS_B,-1,5,,0,1,180,4,acc,0,0,0,0,99,str,EBS_A,str,4,1,0.5,5,24.7
211,0.15,EnemyS_B,-1,5,silver,0,1,180,4,acc,0,0,0,0,99,str,EBS_A,str,4,1,0.5,5,24.85
211,0.15,EnemyS_B,-1,5,,0,1,180,4,acc,0,0,0,0,99,str,EBS_A,str,4,1,0.5,5,25
211,0.15,EnemyS_B,-1,5,silver,0,1,180,4,acc,0,0,0,0,99,str,EBS_A,str,4,1,0.5,5,25.15
211,0.5,EnemyS_B,2,5,,0,1,180,4,acc,0,0,0,0,99,str,EBS_A,str,4,1,0.5,5,25.65
211,0.15,EnemyS_B,2,5,silver,0,1,180,4,acc,0,0,0,0,99,str,EBS_A,str,4,1,0.5,5,25.8
211,0.15,EnemyS_B,2,5,,0,1,180,4,acc,0,0,0,0,99,str,EBS_A,str,4,1,0.5,5,25.95
211,0.15,EnemyS_B,2,5,silver,0,1,180,4,acc,0,0,0,0,99,str,EBS_A,str,4,1,0.5,5,26.1
211,0.15,EnemyS_B,2,5,,0,1,180,4,acc,0,0,0,0,99,str,EBS_A,str,4,1,0.5,5,26.25
211,0.15,EnemyS_B,2,5,silver,0,1,180,4,acc,0,0,0,0,99,str,EBS_A,str,4,1,0.5,5,26.4