124,1,EnemyS_C,-4.8,4,,0,-0.5,0,3,slow,-1.8,4,-2,-1,4,srt,EBS_A,str,4,1,1.5,5
124,0.25,EnemyS_C,-4.4,3.8,,0,-0.5,0,3,slow,-1.4,3.8,-2,-1,4,srt,EBS_A,str,4,1,1.5,5
124,0.25,EnemyS_C,-4,3.6,,0,-0.5,0,3,slow,-1,3.6,-2,-1,4,srt,EBS_A,str,4,1,1.5,5
124,0.25,EnemyS_C,-3.6,3.4,silver,0,-0.5,0,3,slow,-0.6,3.4,-2,-1,4,srt,EBS_A,str,4,1,1.5,5
124,0.5,EnemyS_C,4.8,4,,0,-0.5,0,3,slow,1.8,4,2,-1,4,srt,EBS_A,str,4,1,1.5,5
124,0.25,EnemyS_C,4.4,3.8,,0,-0.5,0,3,slow,1.4,3.8,2,-1,4,srt,EBS_A,str,4,1,1.5,5
124,0.25,EnemyS_C,4,3.6,,0,-0.5,0,3,slow,1,3.6,2,-1,4,srt,EBS_A,str,4,1,1.5,5
124,0.25,EnemyS_C,3.6,3.4,silver,0,-0.5,0,3,slow,3.6,3.4,2,-1,4,srt,EBS_A,str,4,1,1.5,5
124,0.5,EnemyS_C,-4.8,4,,0,-0.5,0,3,slow,-1.8,4,-2,-1,4,srt,EBS_A,str,4,1,1.5,5
124,0.25,EnemyS_C,-4.4,3.8,,0,-0.5,0,3,slow,-1.4,3.8,-2,-1,4,srt,EBS_A,str,4,1,1.5,5
124,0.25,EnemyS_C,-4,3.6,,0,-0.5,0,3,slow,-1,3.6,-2,-1,4,srt,EBS_A,str,4,1,1.5,5
124,0.25,EnemyS_C,-3.6,3.4,silver,0,-0.5,0,3,slow,-0.6,3.4,-2,-1,4,srt,EBS_A,str,4,1,1.5,5
124,0.5,EnemyS_C,4.8,4,,0,-0.5,0,3,slow,1.8,4,2,-1,4,srt,EBS_A,str,4,1,1.5,5
124,0.25,EnemyS_C,4.4,3.8,,0,-0.5,0,3,slow,1.4,3.8,2,-1,4,srt,EBS_A,str,4,1,1.5,5
124,0.25,EnemyS_C,4,3.6,,0,-0.5,0,3,slow,1,3.6,2,-1,4,srt,EBS_A,str,4,1,1.5,5
124,0.25,EnemyS_C,3.6,3.4,silver,0,-0.5,0,3,slow,3.6,3.4,2,-1,4,srt,EBS_A,str,4,1,1.5,5
A00,1.5,Boss_A,0,6,,0,0,0,0,slow,0,2.5,0,0,60,str,EBS_A,none,0,0,1.5,0